13525053322
15937368942
15103731476
13462278702
18336092730
18603713311
15690791978
17319729725
18637376717
15837355681
13783731256
17613071196
18737320517
18812484051
13782739347
18236154492
18637369306
15225935226
15681905560
17739191399
17337311889
13419886000
15836072090
15637358860
18637369543
18737356232
15903050009
18338986669
18137391119
15937300208
16637379338
18637339022
13781959157
18339508015
15670503558
13781932085
15560292229
15286910838
18638311000
15083103158
15136720369
15537357575
13782511327
15516581119
13938750969
15893878343
18703735161
13673737185
13598711785
17656211622
17371250315
15738671958
17516019965
15690796622
13523731966
15737320555
13598691299
15937380505
13673731111
18150113304
13683739878
15937315857
15516611756
13937370081
18637380166
17730888888
15703731888
15993079977
13525018618
13683738639
15037311578
18530728706
15936528001
18737385272
18738372222
18338909336
18003802127
15670579977
18838766177
18530733270
18568556299
13462279970
13700736310
13782570469
13126031841
13462360028
17337399477
19273733751
18623737961
18838753293
13781939428
18530739092
18790677957
17739797691
19299684423
18224561730
15565431117
16637375566
15737329889
16691810509
18303639691
13838284903
17200363165
17337363692
18737338987
15560210798
18624701982
13663735345
15893870386
15537321966
18836611110
18738544042
17637350715
18237332226
18637377936
19837325796
13223980052
18837339333
17352521116
17603839427
18637361993
18637353083
18568210022
13837311388
13623908170
13837343744
18337315986
18303630982
18790511867
13703432598
15560205599
18738394907
15517357239
17324880222
18739735257
18790629063
18203730591
13323809088
18359779001
18338929972
15037307942
13462309930
13663036028
15137332596
17623276245
13103804681
15903893065
13333739960
18639097501
13703736366
18637376952
18638307266
15236471999
15637359605
13373750788
18537308977
19513569959
13663909880
15936592830
13223732722
15136716061
15690794444
13346671521
18737325675
15565216863
18537325975
18537270210
18537325731
13939093153
18637396639
13782570668
17603731607
13608427037
18537310865
13598601167
15903875314
18568206085
13783735396
15893834457
13937381849
15537388169
15837388886
15090317889
15690788115
18337325613
13598671052
18238699191
17630210517
13137325353
13083828800
17837316505
13598708808
13569891769
18537306900
18738332519
18236186369
15090497092
13262112652
18530201858
13837327898
15637385313
15737363322
15236640599
15703736881
15560229650
15617739910
18603732829
15937381395
15560199639
18530238750
15503737899
13503801280
13525093223
13673734557
16637399973
13949621894
15836021592
18625907366
18568551678
18237370995
13072699597
13103733729
15090053716
13781980731
16627727232
15565052082
18738555808
15516487888
13937300620
13503438907
17637311761
15137383083
13598725293
18790536392
15903871321
15090399996
13613908282
13525039800
18613730070
15517306333
15936591306
15538797180
13598660750
15137335868
15037350004
18625882022
15836131188
15824893333
15993064299
13598621712
15237388661
18790587231
18303650167
13333725390
18739166773
19937371276
16637333413
16650389789
13857382197
15237337620
13525079905
13839064664
13673546284
15893826203
13598729690
13462202888
18237311190
18337328798
16638378881
15225909073
18790608179
18603737767
18738538153
18637307770
15516507066
15090079428
18237330512
15675175210
13569820044
18837382171
13783733179
18637370413
15837351480
15537316006
15037351476
18637396237
15136751674
13017535553
13903739966
15037311771
15716680808
18568256780
15893808153
13653730111
13069361107
18837399555
15037386147
13663036765
13783732750
15803735952
13703735638
13525070770
18530705062
15837391992
18937358687
15036628428
15893855551
15737308925
18637360905
13598638408
15503731952
17839866766
15083110587
15836173063
15637369062
13183101221
15824883525
15836189895
15837332225
15090360013
13613900509
18303730999
13939039764
17630208072
15937382142
17638106624
13938715719
18695918076
18637373059
13613732756
16638396667
13707652432
13598706688
13937310262
13598623928
19213980583
17630732259
18838758000
18625905689
19803901227
16668285276
15836110108
15537337676
19713732081
15225951200
18737378476
13569809528
15036628992
19337379688
15939963870
16637328086
15294888198
19339570897
15736991911
18837301139
13523736190
13569829282
17837364492
15516596095
18637362020
18859281135
13781945991
13839610550
13782485903
19562793490
15893806517
15836118687
15893853010
15637301239
13938719720
15737343072
18695930036
15136708611
13283721319
13782585220
18237370717
18623739867
15137315666
18790545856
18336098886
15617174827
16690910126
17837326500
18695938507
13673512293
13703739327
15637370616
18737310273
18003730908
15516527581
18568262333
15517331110
17638323574
19836226996
18338955301
18749371550
15670555200
15893874573
13525035998
15903866188
13781998081
15638875080
15517781385
18530710880
18738368591
15837308072
13569854800
15518842796
18697781372
13782573641
13462284004
17838470715
15637373231
15836069796
13525094725
15937351612
13903861817
19837356066
15637311257
13703734200
15516623633
15649611220
19503730097
15638540035
18695936827
18637302100
18737390995
18236176385
13937360520
13523237929
13569827620
13598713237
18686635718
18530205813
18803733939
18238778808
18568553966
15617178235
18603732507
15837371222
15037396799
15537383654
15649633666
13462248872
18237338708
13598626333
18790690854
18637325556